0 100
1 101
2 101
3 102
4 103
5 103
6 104
7 105
8 105
9 106
10 107
11 107
12 108
13 109
14 109
15 110
16 111
17 111
18 112
19 113
20 113
21 114
22 115
23 115
24 116
25 117
26 117
27 118
28 119
29 119
30 120
31 121
32 121
33 122
34 123
35 123
36 124
37 125
38 125
39 126
40 127
41 127
42 128
43 129
44 129
45 130
46 131
47 131
48 132
49 133
50 133
51 134
52 135
53 135
54 136
55 137
56 137
57 138
58 139
59 139
60 140
61 141
62 141
63 142
64 143
65 143
66 144
67 145
68 145
69 146
70 147
71 147
72 148
73 149
74 149
75 150
76 151
77 151
78 152
79 153
80 153
81 154
82 155
83 155
84 156
85 157
86 157
87 158
88 159
89 159
90 160
91 161
92 161
93 162
94 163
95 163
96 164
97 165
98 165
99 166
100 167
101 167
102 168
103 169
104 169
105 170
106 171
107 171
108 172
109 173
110 173
111 174
112 175
113 175
114 176
115 177
116 177
117 178
118 179
119 179
120 180
121 181
122 181
123 182
124 183
125 183
126 184
127 185
128 185
129 186
130 187
131 187
132 188
133 189
134 189
135 190
136 191
137 191
138 192
139 193
140 193
141 194
142 195
143 195
144 196
145 197
146 197
147 198
148 199
149 199
