350 450
450 350
350 450
350 250
250 350
450 350
350 250
250 350
351 450
450 351
349 450
351 250
250 351
450 349
349 250
250 349
352 450
450 352
348 450
352 250
250 352
450 348
348 250
250 348
353 450
450 353
347 450
353 250
250 353
450 347
347 250
250 347
354 450
450 354
346 450
354 250
250 354
450 346
346 250
250 346
355 450
450 355
345 450
355 250
250 355
450 345
345 250
250 345
356 450
450 356
344 450
356 250
250 356
450 344
344 250
250 344
357 450
450 357
343 450
357 250
250 357
450 343
343 250
250 343
358 450
450 358
342 450
358 250
250 358
450 342
342 250
250 342
359 450
450 359
341 450
359 250
250 359
450 341
341 250
250 341
360 449
449 360
340 449
360 251
251 360
449 340
340 251
251 340
361 449
449 361
339 449
361 251
251 361
449 339
339 251
251 339
362 449
449 362
338 449
362 251
251 362
449 338
338 251
251 338
363 449
449 363
337 449
363 251
251 363
449 337
337 251
251 337
364 449
449 364
336 449
364 251
251 364
449 336
336 251
251 336
365 449
449 365
335 449
365 251
251 365
449 335
335 251
251 335
366 449
449 366
334 449
366 251
251 366
449 334
334 251
251 334
367 449
449 367
333 449
367 251
251 367
449 333
333 251
251 333
368 448
448 368
332 448
368 252
252 368
448 332
332 252
252 332
369 448
448 369
331 448
369 252
252 369
448 331
331 252
252 331
370 448
448 370
330 448
370 252
252 370
448 330
330 252
252 330
371 448
448 371
329 448
371 252
252 371
448 329
329 252
252 329
372 448
448 372
328 448
372 252
252 372
448 328
328 252
252 328
373 447
447 373
327 447
373 253
253 373
447 327
327 253
253 327
374 447
447 374
326 447
374 253
253 374
447 326
326 253
253 326
375 447
447 375
325 447
375 253
253 375
447 325
325 253
253 325
376 447
447 376
324 447
376 253
253 376
447 324
324 253
253 324
377 446
446 377
323 446
377 254
254 377
446 323
323 254
254 323
378 446
446 378
322 446
378 254
254 378
446 322
322 254
254 322
379 446
446 379
321 446
379 254
254 379
446 321
321 254
254 321
380 445
445 380
320 445
380 255
255 380
445 320
320 255
255 320
381 445
445 381
319 445
381 255
255 381
445 319
319 255
255 319
382 445
445 382
318 445
382 255
255 382
445 318
318 255
255 318
383 444
444 383
317 444
383 256
256 383
444 317
317 256
256 317
384 444
444 384
316 444
384 256
256 384
444 316
316 256
256 316
385 444
444 385
315 444
385 256
256 385
444 315
315 256
256 315
386 443
443 386
314 443
386 257
257 386
443 314
314 257
257 314
387 443
443 387
313 443
387 257
257 387
443 313
313 257
257 313
388 442
442 388
312 442
388 258
258 388
442 312
312 258
258 312
389 442
442 389
311 442
389 258
258 389
442 311
311 258
258 311
390 442
442 390
310 442
390 258
258 390
442 310
310 258
258 310
391 441
441 391
309 441
391 259
259 391
441 309
309 259
259 309
392 441
441 392
308 441
392 259
259 392
441 308
308 259
259 308
393 440
440 393
307 440
393 260
260 393
440 307
307 260
260 307
394 440
440 394
306 440
394 260
260 394
440 306
306 260
260 306
395 439
439 395
305 439
395 261
261 395
439 305
305 261
261 305
396 439
439 396
304 439
396 261
261 396
439 304
304 261
261 304
397 438
438 397
303 438
397 262
262 397
438 303
303 262
262 303
398 438
438 398
302 438
398 262
262 398
438 302
302 262
262 302
399 437
437 399
301 437
399 263
263 399
437 301
301 263
263 301
400 437
437 400
300 437
400 263
263 400
437 300
300 263
263 300
401 436
436 401
299 436
401 264
264 401
436 299
299 264
264 299
402 435
435 402
298 435
402 265
265 402
435 298
298 265
265 298
403 435
435 403
297 435
403 265
265 403
435 297
297 265
265 297
404 434
434 404
296 434
404 266
266 404
434 296
296 266
266 296
405 434
434 405
295 434
405 266
266 405
434 295
295 266
266 295
406 433
433 406
294 433
406 267
267 406
433 294
294 267
267 294
407 432
432 407
293 432
407 268
268 407
432 293
293 268
268 293
408 431
431 408
292 431
408 269
269 408
431 292
292 269
269 292
409 431
431 409
291 431
409 269
269 409
431 291
291 269
269 291
410 430
430 410
290 430
410 270
270 410
430 290
290 270
270 290
411 429
429 411
289 429
411 271
271 411
429 289
289 271
271 289
412 428
428 412
288 428
412 272
272 412
428 288
288 272
272 288
413 428
428 413
287 428
413 272
272 413
428 287
287 272
272 287
414 427
427 414
286 427
414 273
273 414
427 286
286 273
273 286
415 426
426 415
285 426
415 274
274 415
426 285
285 274
274 285
416 425
425 416
284 425
416 275
275 416
425 284
284 275
275 284
417 424
424 417
283 424
417 276
276 417
424 283
283 276
276 283
418 423
423 418
282 423
418 277
277 418
423 282
282 277
277 282
419 422
422 419
281 422
419 278
278 419
422 281
281 278
278 281
420 421
421 420
280 421
420 279
279 420
421 280
280 279
279 280
