50 50
51 51
52 52
53 53
54 54
55 55
56 56
57 57
58 58
59 59
60 60
61 61
62 62
63 63
64 64
65 65
66 66
67 67
68 68
69 69
70 70
71 71
72 72
73 73
74 74
75 75
76 76
77 77
78 78
79 79
80 80
81 81
82 82
83 83
84 84
85 85
86 86
87 87
88 88
89 89
90 90
91 91
92 92
93 93
94 94
95 95
96 96
97 97
98 98
99 99
100 100
101 101
102 102
103 103
104 104
105 105
106 106
107 107
108 108
109 109
110 110
111 111
112 112
113 113
114 114
115 115
116 116
117 117
118 118
119 119
120 120
121 121
122 122
123 123
124 124
125 125
126 126
127 127
128 128
129 129
130 130
131 131
132 132
133 133
134 134
135 135
136 136
137 137
138 138
139 139
140 140
141 141
142 142
143 143
144 144
145 145
146 146
147 147
148 148
149 149
150 150
151 151
152 152
153 153
154 154
155 155
156 156
157 157
158 158
159 159
160 160
161 161
162 162
163 163
164 164
165 165
166 166
167 167
168 168
169 169
170 170
171 171
172 172
173 173
174 174
175 175
176 176
177 177
178 178
179 179
180 180
181 181
182 182
183 183
184 184
185 185
186 186
187 187
188 188
189 189
190 190
191 191
192 192
193 193
194 194
195 195
196 196
197 197
198 198
199 199
200 200
201 201
202 202
203 203
204 204
205 205
206 206
207 207
208 208
209 209
210 210
211 211
212 212
213 213
214 214
215 215
216 216
217 217
218 218
219 219
220 220
221 221
222 222
223 223
224 224
225 225
226 226
227 227
228 228
229 229
230 230
231 231
232 232
233 233
234 234
235 235
236 236
237 237
238 238
239 239
240 240
241 241
242 242
243 243
244 244
245 245
246 246
247 247
248 248
249 249
250 250
251 251
252 252
253 253
254 254
255 255
256 256
257 257
258 258
259 259
260 260
261 261
262 262
263 263
264 264
265 265
266 266
267 267
268 268
269 269
270 270
271 271
272 272
273 273
274 274
275 275
276 276
277 277
278 278
279 279
280 280
281 281
282 282
283 283
284 284
285 285
286 286
287 287
288 288
289 289
290 290
291 291
292 292
293 293
294 294
295 295
296 296
297 297
298 298
299 299
300 300
301 301
302 302
303 303
304 304
305 305
306 306
307 307
308 308
309 309
310 310
311 311
312 312
313 313
314 314
315 315
316 316
317 317
318 318
319 319
320 320
321 321
322 322
323 323
324 324
325 325
326 326
327 327
328 328
329 329
330 330
331 331
332 332
333 333
334 334
335 335
336 336
337 337
338 338
339 339
340 340
341 341
342 342
343 343
344 344
345 345
346 346
347 347
348 348
349 349
350 350
351 351
352 352
353 353
354 354
355 355
356 356
357 357
358 358
359 359
360 360
361 361
362 362
363 363
364 364
365 365
366 366
367 367
368 368
369 369
370 370
371 371
372 372
373 373
374 374
375 375
376 376
377 377
378 378
379 379
380 380
381 381
382 382
383 383
384 384
385 385
386 386
387 387
388 388
389 389
390 390
391 391
392 392
393 393
394 394
395 395
396 396
397 397
398 398
399 399
400 400
401 401
402 402
403 403
404 404
405 405
406 406
407 407
408 408
409 409
410 410
411 411
412 412
413 413
414 414
415 415
416 416
417 417
418 418
419 419
420 420
421 421
422 422
423 423
424 424
425 425
426 426
427 427
428 428
429 429
430 430
431 431
432 432
433 433
434 434
435 435
436 436
437 437
438 438
439 439
440 440
441 441
442 442
443 443
444 444
445 445
446 446
447 447
448 448
449 449
450 450
451 451
452 452
453 453
454 454
455 455
456 456
457 457
458 458
459 459
460 460
461 461
462 462
463 463
464 464
465 465
466 466
467 467
468 468
469 469
470 470
471 471
472 472
473 473
474 474
475 475
476 476
477 477
478 478
479 479
480 480
481 481
482 482
483 483
484 484
485 485
486 486
487 487
488 488
489 489
490 490
491 491
492 492
493 493
494 494
495 495
496 496
497 497
498 498
499 499
500 500
501 501
502 502
503 503
504 504
505 505
506 506
507 507
508 508
509 509
510 510
511 511
512 512
513 513
514 514
515 515
516 516
517 517
518 518
519 519
520 520
521 521
522 522
523 523
524 524
50 50
51 51
52 52
53 53
54 54
55 55
56 56
57 57
58 58
59 59
60 60
61 61
62 62
63 63
64 64
65 65
66 66
67 67
68 68
69 69
70 70
71 71
72 72
73 73
74 74
75 75
76 76
77 77
78 78
79 79
80 80
81 81
82 82
83 83
84 84
85 85
86 86
87 87
88 88
89 89
90 90
91 91
92 92
93 93
94 94
95 95
96 96
97 97
98 98
99 99
100 100
101 101
102 102
103 103
104 104
105 105
106 106
107 107
108 108
109 109
110 110
111 111
112 112
113 113
114 114
115 115
116 116
117 117
118 118
119 119
120 120
121 121
122 122
123 123
124 124
125 125
126 126
127 127
128 128
129 129
130 130
131 131
132 132
133 133
134 134
135 135
136 136
137 137
138 138
139 139
140 140
141 141
142 142
143 143
144 144
145 145
146 146
147 147
148 148
149 149
150 150
151 151
152 152
153 153
154 154
155 155
156 156
157 157
158 158
159 159
160 160
161 161
162 162
163 163
164 164
165 165
166 166
167 167
168 168
169 169
170 170
171 171
172 172
173 173
174 174
175 175
176 176
177 177
178 178
179 179
180 180
181 181
182 182
183 183
184 184
185 185
186 186
187 187
188 188
189 189
190 190
191 191
192 192
193 193
194 194
195 195
196 196
197 197
198 198
199 199
200 200
201 201
202 202
203 203
204 204
205 205
206 206
207 207
208 208
209 209
210 210
211 211
212 212
213 213
214 214
215 215
216 216
217 217
218 218
219 219
220 220
221 221
222 222
223 223
224 224
225 225
226 226
227 227
228 228
229 229
230 230
231 231
232 232
233 233
234 234
235 235
236 236
237 237
238 238
239 239
240 240
241 241
242 242
243 243
244 244
245 245
246 246
247 247
248 248
249 249
250 250
251 251
252 252
253 253
254 254
255 255
256 256
257 257
258 258
259 259
260 260
261 261
262 262
263 263
264 264
265 265
266 266
267 267
268 268
269 269
270 270
271 271
272 272
273 273
274 274
275 275
276 276
277 277
278 278
279 279
280 280
281 281
282 282
283 283
284 284
285 285
286 286
287 287
288 288
289 289
290 290
291 291
292 292
293 293
294 294
295 295
296 296
297 297
298 298
299 299
300 300
301 301
302 302
303 303
304 304
305 305
306 306
307 307
308 308
309 309
310 310
311 311
312 312
313 313
314 314
315 315
316 316
317 317
318 318
319 319
320 320
321 321
322 322
323 323
324 324
325 325
326 326
327 327
328 328
329 329
330 330
331 331
332 332
333 333
334 334
335 335
336 336
337 337
338 338
339 339
340 340
341 341
342 342
343 343
344 344
345 345
346 346
347 347
348 348
349 349
350 350
351 351
352 352
353 353
354 354
355 355
356 356
357 357
358 358
359 359
360 360
361 361
362 362
363 363
364 364
365 365
366 366
367 367
368 368
369 369
370 370
371 371
372 372
373 373
374 374
375 375
376 376
377 377
378 378
379 379
380 380
381 381
382 382
383 383
384 384
385 385
386 386
387 387
388 388
389 389
390 390
391 391
392 392
393 393
394 394
395 395
396 396
397 397
398 398
399 399
400 400
401 401
402 402
403 403
404 404
405 405
406 406
407 407
408 408
409 409
410 410
411 411
412 412
413 413
414 414
415 415
416 416
417 417
418 418
419 419
420 420
421 421
422 422
423 423
424 424
425 425
426 426
427 427
428 428
429 429
430 430
431 431
432 432
433 433
434 434
435 435
436 436
437 437
438 438
439 439
440 440
441 441
442 442
443 443
444 444
445 445
446 446
447 447
448 448
449 449
450 450
451 451
452 452
453 453
454 454
455 455
456 456
457 457
458 458
459 459
460 460
461 461
462 462
463 463
464 464
465 465
466 466
467 467
468 468
469 469
470 470
471 471
472 472
473 473
474 474
475 475
476 476
477 477
478 478
479 479
480 480
481 481
482 482
483 483
484 484
485 485
486 486
487 487
488 488
489 489
490 490
491 491
492 492
493 493
494 494
495 495
496 496
497 497
498 498
499 499
500 500
501 501
502 502
503 503
504 504
505 505
506 506
507 507
508 508
509 509
510 510
511 511
512 512
513 513
514 514
515 515
516 516
517 517
518 518
519 519
520 520
521 521
522 522
523 523
524 524
50 50
51 51
52 52
53 53
54 54
55 55
56 56
57 57
58 58
59 59
60 60
61 61
62 62
63 63
64 64
65 65
66 66
67 67
68 68
69 69
70 70
71 71
72 72
73 73
74 74
75 75
76 76
77 77
78 78
79 79
80 80
81 81
82 82
83 83
84 84
85 85
86 86
87 87
88 88
89 89
90 90
91 91
92 92
93 93
94 94
95 95
96 96
97 97
98 98
99 99
100 100
101 101
102 102
103 103
104 104
105 105
106 106
107 107
108 108
109 109
110 110
111 111
112 112
113 113
114 114
115 115
116 116
117 117
118 118
119 119
120 120
121 121
122 122
123 123
124 124
125 125
126 126
127 127
128 128
129 129
130 130
131 131
132 132
133 133
134 134
135 135
136 136
137 137
138 138
139 139
140 140
141 141
142 142
143 143
144 144
145 145
146 146
147 147
148 148
149 149
150 150
151 151
152 152
153 153
154 154
155 155
156 156
157 157
158 158
159 159
160 160
161 161
162 162
163 163
164 164
165 165
166 166
167 167
168 168
169 169
170 170
171 171
172 172
173 173
174 174
175 175
176 176
177 177
178 178
179 179
180 180
181 181
182 182
183 183
184 184
185 185
186 186
187 187
188 188
189 189
190 190
191 191
192 192
193 193
194 194
195 195
196 196
197 197
198 198
199 199
200 200
201 201
202 202
203 203
204 204
205 205
206 206
207 207
208 208
209 209
210 210
211 211
212 212
213 213
214 214
215 215
216 216
217 217
218 218
219 219
220 220
221 221
222 222
223 223
224 224
225 225
226 226
227 227
228 228
229 229
230 230
231 231
232 232
233 233
234 234
235 235
236 236
237 237
238 238
239 239
240 240
241 241
242 242
243 243
244 244
245 245
246 246
247 247
248 248
249 249
250 250
251 251
252 252
253 253
254 254
255 255
256 256
257 257
258 258
259 259
260 260
261 261
262 262
263 263
264 264
265 265
266 266
267 267
268 268
269 269
270 270
271 271
272 272
273 273
274 274
275 275
276 276
277 277
278 278
279 279
280 280
281 281
282 282
283 283
284 284
285 285
286 286
287 287
288 288
289 289
290 290
291 291
292 292
293 293
294 294
295 295
296 296
297 297
298 298
299 299
300 300
301 301
302 302
303 303
304 304
305 305
306 306
307 307
308 308
309 309
310 310
311 311
312 312
313 313
314 314
315 315
316 316
317 317
318 318
319 319
320 320
321 321
322 322
323 323
324 324
325 325
326 326
327 327
328 328
329 329
330 330
331 331
332 332
333 333
334 334
335 335
336 336
337 337
338 338
339 339
340 340
341 341
342 342
343 343
344 344
345 345
346 346
347 347
348 348
349 349
350 350
351 351
352 352
353 353
354 354
355 355
356 356
357 357
358 358
359 359
360 360
361 361
362 362
363 363
364 364
365 365
366 366
367 367
368 368
369 369
370 370
371 371
372 372
373 373
374 374
375 375
376 376
377 377
378 378
379 379
380 380
381 381
382 382
383 383
384 384
385 385
386 386
387 387
388 388
389 389
390 390
391 391
392 392
393 393
394 394
395 395
396 396
397 397
398 398
399 399
50 50
51 51
52 52
53 53
54 54
55 55
56 56
57 57
58 58
59 59
60 60
61 61
62 62
63 63
64 64
65 65
66 66
67 67
68 68
69 69
70 70
71 71
72 72
73 73
74 74
75 75
76 76
77 77
78 78
79 79
80 80
81 81
82 82
83 83
84 84
85 85
86 86
87 87
88 88
89 89
90 90
91 91
92 92
93 93
94 94
95 95
96 96
97 97
98 98
99 99
100 100
101 101
102 102
103 103
104 104
105 105
106 106
107 107
108 108
109 109
110 110
111 111
112 112
113 113
114 114
115 115
116 116
117 117
118 118
119 119
120 120
121 121
122 122
123 123
124 124
125 125
126 126
127 127
128 128
129 129
130 130
131 131
132 132
133 133
134 134
135 135
136 136
137 137
138 138
139 139
140 140
141 141
142 142
143 143
144 144
145 145
146 146
147 147
148 148
149 149
150 150
151 151
152 152
153 153
154 154
155 155
156 156
157 157
158 158
159 159
160 160
161 161
162 162
163 163
164 164
165 165
166 166
167 167
168 168
169 169
170 170
171 171
172 172
173 173
174 174
175 175
176 176
177 177
178 178
179 179
180 180
181 181
182 182
183 183
184 184
185 185
186 186
187 187
188 188
189 189
190 190
191 191
192 192
193 193
194 194
195 195
196 196
197 197
198 198
199 199
200 200
201 201
202 202
203 203
204 204
205 205
206 206
207 207
208 208
209 209
210 210
211 211
212 212
213 213
214 214
215 215
216 216
217 217
218 218
219 219
220 220
221 221
222 222
223 223
224 224
225 225
226 226
227 227
228 228
229 229
230 230
231 231
232 232
233 233
234 234
235 235
236 236
237 237
238 238
239 239
240 240
241 241
242 242
243 243
244 244
245 245
246 246
247 247
248 248
249 249
250 250
251 251
252 252
253 253
254 254
255 255
256 256
257 257
258 258
259 259
260 260
261 261
262 262
263 263
264 264
265 265
266 266
267 267
268 268
269 269
270 270
271 271
272 272
273 273
274 274
275 275
276 276
277 277
278 278
279 279
280 280
281 281
282 282
283 283
284 284
285 285
286 286
287 287
288 288
289 289
290 290
291 291
292 292
293 293
294 294
295 295
296 296
297 297
298 298
299 299
300 300
301 301
302 302
303 303
304 304
305 305
306 306
307 307
308 308
309 309
310 310
311 311
312 312
313 313
314 314
315 315
316 316
317 317
318 318
319 319
320 320
321 321
322 322
323 323
324 324
325 325
326 326
327 327
328 328
329 329
330 330
331 331
332 332
333 333
334 334
335 335
336 336
337 337
338 338
339 339
340 340
341 341
342 342
343 343
344 344
345 345
346 346
347 347
348 348
349 349
350 350
351 351
352 352
353 353
354 354
355 355
356 356
357 357
358 358
359 359
360 360
361 361
362 362
363 363
364 364
365 365
366 366
367 367
368 368
369 369
370 370
371 371
372 372
373 373
374 374
375 375
376 376
377 377
378 378
379 379
380 380
381 381
382 382
383 383
384 384
385 385
386 386
387 387
388 388
389 389
390 390
391 391
392 392
393 393
394 394
395 395
396 396
397 397
398 398
399 399
50 50
51 51
52 52
53 53
54 54
55 55
56 56
57 57
58 58
59 59
60 60
61 61
62 62
63 63
64 64
65 65
66 66
67 67
68 68
69 69
70 70
71 71
72 72
73 73
74 74
75 75
76 76
77 77
78 78
79 79
80 80
81 81
82 82
83 83
84 84
85 85
86 86
87 87
88 88
89 89
90 90
91 91
92 92
93 93
94 94
95 95
96 96
97 97
98 98
99 99
100 100
101 101
102 102
103 103
104 104
105 105
106 106
107 107
108 108
109 109
110 110
111 111
112 112
113 113
114 114
115 115
116 116
117 117
118 118
119 119
120 120
121 121
122 122
123 123
124 124
125 125
126 126
127 127
128 128
129 129
130 130
131 131
132 132
133 133
134 134
135 135
136 136
137 137
138 138
139 139
140 140
141 141
142 142
143 143
144 144
145 145
146 146
147 147
148 148
149 149
150 150
151 151
152 152
153 153
154 154
155 155
156 156
157 157
158 158
159 159
160 160
161 161
162 162
163 163
164 164
165 165
166 166
167 167
168 168
169 169
170 170
171 171
172 172
173 173
174 174
175 175
176 176
177 177
178 178
179 179
180 180
181 181
182 182
183 183
184 184
185 185
186 186
187 187
188 188
189 189
190 190
191 191
192 192
193 193
194 194
195 195
196 196
197 197
198 198
199 199
200 200
201 201
202 202
203 203
204 204
205 205
206 206
207 207
208 208
209 209
210 210
211 211
212 212
213 213
214 214
215 215
216 216
217 217
218 218
219 219
220 220
221 221
222 222
223 223
224 224
225 225
226 226
227 227
228 228
229 229
230 230
231 231
232 232
233 233
234 234
235 235
236 236
237 237
238 238
239 239
240 240
241 241
242 242
243 243
244 244
245 245
246 246
247 247
248 248
249 249
250 250
251 251
252 252
253 253
254 254
255 255
256 256
257 257
258 258
259 259
260 260
261 261
262 262
263 263
264 264
265 265
266 266
267 267
268 268
269 269
270 270
271 271
272 272
273 273
274 274
275 275
276 276
277 277
278 278
279 279
280 280
281 281
282 282
283 283
284 284
285 285
286 286
287 287
288 288
289 289
290 290
291 291
292 292
293 293
294 294
295 295
296 296
297 297
298 298
299 299
300 300
301 301
302 302
303 303
304 304
305 305
306 306
307 307
308 308
309 309
310 310
311 311
312 312
313 313
314 314
315 315
316 316
317 317
318 318
319 319
320 320
321 321
322 322
323 323
324 324
325 325
326 326
327 327
328 328
329 329
330 330
331 331
332 332
333 333
334 334
335 335
336 336
337 337
338 338
339 339
340 340
341 341
342 342
343 343
344 344
345 345
346 346
347 347
348 348
349 349
350 350
351 351
352 352
353 353
354 354
355 355
356 356
357 357
358 358
359 359
360 360
361 361
362 362
363 363
364 364
365 365
366 366
367 367
368 368
369 369
370 370
371 371
372 372
373 373
374 374
375 375
376 376
377 377
378 378
379 379
380 380
381 381
382 382
383 383
384 384
385 385
386 386
387 387
388 388
389 389
390 390
391 391
392 392
393 393
394 394
395 395
396 396
397 397
398 398
399 399
0 0
1 1
2 2
3 3
4 4
5 5
6 6
7 7
8 8
9 9
10 10
11 11
12 12
13 13
14 14
15 15
16 16
17 17
18 18
19 19
20 20
21 21
22 22
23 23
24 24
25 25
26 26
27 27
28 28
29 29
30 30
31 31
32 32
33 33
34 34
35 35
36 36
37 37
38 38
39 39
40 40
41 41
42 42
43 43
44 44
45 45
46 46
47 47
48 48
49 49
50 50
51 51
52 52
53 53
54 54
55 55
56 56
57 57
58 58
59 59
60 60
61 61
62 62
63 63
64 64
65 65
66 66
67 67
68 68
69 69
70 70
71 71
72 72
73 73
74 74
75 75
76 76
77 77
78 78
79 79
80 80
81 81
82 82
83 83
84 84
85 85
86 86
87 87
88 88
89 89
90 90
91 91
92 92
93 93
94 94
95 95
96 96
97 97
98 98
99 99
100 100
101 101
102 102
103 103
104 104
105 105
106 106
107 107
108 108
109 109
110 110
111 111
112 112
113 113
114 114
115 115
116 116
117 117
118 118
119 119
120 120
121 121
122 122
123 123
124 124
125 125
126 126
127 127
128 128
129 129
130 130
131 131
132 132
133 133
134 134
135 135
136 136
137 137
138 138
139 139
140 140
141 141
142 142
143 143
144 144
145 145
146 146
147 147
148 148
149 149
150 150
151 151
152 152
153 153
154 154
155 155
156 156
157 157
158 158
159 159
160 160
161 161
162 162
163 163
164 164
165 165
166 166
167 167
168 168
169 169
170 170
171 171
172 172
173 173
174 174
175 175
176 176
177 177
178 178
179 179
180 180
181 181
182 182
183 183
184 184
185 185
186 186
187 187
188 188
189 189
190 190
191 191
192 192
193 193
194 194
195 195
196 196
197 197
198 198
199 199
200 200
201 201
202 202
203 203
204 204
205 205
206 206
207 207
208 208
209 209
210 210
211 211
212 212
213 213
214 214
215 215
216 216
217 217
218 218
219 219
220 220
221 221
222 222
223 223
224 224
225 225
226 226
227 227
228 228
229 229
230 230
231 231
232 232
233 233
234 234
235 235
236 236
237 237
238 238
239 239
240 240
241 241
242 242
243 243
244 244
245 245
246 246
247 247
248 248
249 249
250 250
251 251
252 252
253 253
254 254
255 255
256 256
257 257
258 258
259 259
260 260
261 261
262 262
263 263
264 264
265 265
266 266
267 267
268 268
269 269
270 270
271 271
272 272
273 273
274 274
275 275
276 276
277 277
278 278
279 279
280 280
281 281
282 282
283 283
284 284
285 285
286 286
287 287
288 288
289 289
290 290
291 291
292 292
293 293
294 294
295 295
296 296
297 297
298 298
299 299
300 300
301 301
302 302
303 303
304 304
305 305
306 306
307 307
308 308
309 309
310 310
311 311
312 312
313 313
314 314
315 315
316 316
317 317
318 318
319 319
320 320
321 321
322 322
323 323
324 324
325 325
326 326
327 327
328 328
329 329
330 330
331 331
332 332
333 333
334 334
335 335
336 336
337 337
338 338
339 339
340 340
341 341
342 342
343 343
344 344
345 345
346 346
347 347
348 348
349 349
350 350
351 351
352 352
353 353
354 354
355 355
356 356
357 357
358 358
359 359
360 360
361 361
362 362
363 363
364 364
365 365
366 366
367 367
368 368
369 369
370 370
371 371
372 372
373 373
374 374
375 375
376 376
377 377
378 378
379 379
380 380
381 381
382 382
383 383
384 384
385 385
386 386
387 387
388 388
389 389
390 390
391 391
392 392
393 393
394 394
395 395
396 396
397 397
398 398
399 399
0 450
1 450
2 450
3 450
4 450
5 450
6 450
7 450
8 450
9 450
10 450
11 450
12 450
13 450
14 450
15 450
16 450
17 450
18 450
19 450
20 450
21 450
22 450
23 450
24 450
25 450
26 450
27 450
28 450
29 450
30 450
31 450
32 450
33 450
34 450
35 450
36 450
37 450
38 450
39 450
40 450
41 450
42 450
43 450
44 450
45 450
46 450
47 450
48 450
49 450
50 450
51 450
52 450
53 450
54 450
55 450
56 450
57 450
58 450
59 450
60 450
61 450
62 450
63 450
64 450
65 450
66 450
67 450
68 450
69 450
70 450
71 450
72 450
73 450
74 450
75 450
76 450
77 450
78 450
79 450
80 450
81 450
82 450
83 450
84 450
85 450
86 450
87 450
88 450
89 450
90 450
91 450
92 450
93 450
94 450
95 450
96 450
97 450
98 450
99 450
100 450
101 450
102 450
103 450
104 450
105 450
106 450
107 450
108 450
109 450
110 450
111 450
112 450
113 450
114 450
115 450
116 450
117 450
118 450
119 450
120 450
121 450
122 450
123 450
124 450
125 450
126 450
127 450
128 450
129 450
130 450
131 450
132 450
133 450
134 450
135 450
136 450
137 450
138 450
139 450
140 450
141 450
142 450
143 450
144 450
145 450
146 450
147 450
148 450
149 450
150 450
151 450
152 450
153 450
154 450
155 450
156 450
157 450
158 450
159 450
160 450
161 450
162 450
163 450
164 450
165 450
166 450
167 450
168 450
169 450
170 450
171 450
172 450
173 450
174 450
175 450
176 450
177 450
178 450
179 450
180 450
181 450
182 450
183 450
184 450
185 450
186 450
187 450
188 450
189 450
190 450
191 450
192 450
193 450
194 450
195 450
196 450
197 450
198 450
199 450
200 450
201 450
202 450
203 450
204 450
205 450
206 450
207 450
208 450
209 450
210 450
211 450
212 450
213 450
214 450
215 450
216 450
217 450
218 450
219 450
220 450
221 450
222 450
223 450
224 450
225 450
226 450
227 450
228 450
229 450
230 450
231 450
232 450
233 450
234 450
235 450
236 450
237 450
238 450
239 450
240 450
241 450
242 450
243 450
244 450
245 450
246 450
247 450
248 450
249 450
250 450
251 450
252 450
253 450
254 450
255 450
256 450
257 450
258 450
259 450
260 450
261 450
262 450
263 450
264 450
265 450
266 450
267 450
268 450
269 450
270 450
271 450
272 450
273 450
274 450
275 450
276 450
277 450
278 450
279 450
280 450
281 450
282 450
283 450
284 450
285 450
286 450
287 450
288 450
289 450
290 450
291 450
292 450
293 450
294 450
295 450
296 450
297 450
298 450
299 450
300 450
301 450
302 450
303 450
304 450
305 450
306 450
307 450
308 450
309 450
310 450
311 450
312 450
313 450
314 450
315 450
316 450
317 450
318 450
319 450
320 450
321 450
322 450
323 450
324 450
325 450
326 450
327 450
328 450
329 450
330 450
331 450
332 450
333 450
334 450
335 450
336 450
337 450
338 450
339 450
340 450
341 450
342 450
343 450
344 450
345 450
346 450
347 450
348 450
349 450
350 450
351 450
352 450
353 450
354 450
355 450
356 450
357 450
358 450
359 450
360 450
361 450
362 450
363 450
364 450
365 450
366 450
367 450
368 450
369 450
370 450
371 450
372 450
373 450
374 450
375 450
376 450
377 450
378 450
379 450
380 450
381 450
382 450
383 450
384 450
385 450
386 450
387 450
388 450
389 450
390 450
391 450
392 450
393 450
394 450
395 450
396 450
397 450
398 450
399 450
50 450
51 450
52 450
53 450
54 450
55 450
56 450
57 450
58 450
59 450
60 450
61 450
62 450
63 450
64 450
65 450
66 450
67 450
68 450
69 450
70 450
71 450
72 450
73 450
74 450
75 450
76 450
77 450
78 450
79 450
80 450
81 450
82 450
83 450
84 450
85 450
86 450
87 450
88 450
89 450
90 450
91 450
92 450
93 450
94 450
95 450
96 450
97 450
98 450
99 450
100 450
101 450
102 450
103 450
104 450
105 450
106 450
107 450
108 450
109 450
110 450
111 450
112 450
113 450
114 450
115 450
116 450
117 450
118 450
119 450
120 450
121 450
122 450
123 450
124 450
125 450
126 450
127 450
128 450
129 450
130 450
131 450
132 450
133 450
134 450
135 450
136 450
137 450
138 450
139 450
140 450
141 450
142 450
143 450
144 450
145 450
146 450
147 450
148 450
149 450
150 450
151 450
152 450
153 450
154 450
155 450
156 450
157 450
158 450
159 450
160 450
161 450
162 450
163 450
164 450
165 450
166 450
167 450
168 450
169 450
170 450
171 450
172 450
173 450
174 450
175 450
176 450
177 450
178 450
179 450
180 450
181 450
182 450
183 450
184 450
185 450
186 450
187 450
188 450
189 450
190 450
191 450
192 450
193 450
194 450
195 450
196 450
197 450
198 450
199 450
200 450
201 450
202 450
203 450
204 450
205 450
206 450
207 450
208 450
209 450
210 450
211 450
212 450
213 450
214 450
215 450
216 450
217 450
218 450
219 450
220 450
221 450
222 450
223 450
224 450
225 450
226 450
227 450
228 450
229 450
230 450
231 450
232 450
233 450
234 450
235 450
236 450
237 450
238 450
239 450
240 450
241 450
242 450
243 450
244 450
245 450
246 450
247 450
248 450
249 450
250 450
251 450
252 450
253 450
254 450
255 450
256 450
257 450
258 450
259 450
260 450
261 450
262 450
263 450
264 450
265 450
266 450
267 450
268 450
269 450
270 450
271 450
272 450
273 450
274 450
275 450
276 450
277 450
278 450
279 450
280 450
281 450
282 450
283 450
284 450
285 450
286 450
287 450
288 450
289 450
290 450
291 450
292 450
293 450
294 450
295 450
296 450
297 450
298 450
299 450
300 450
301 450
302 450
303 450
304 450
305 450
306 450
307 450
308 450
309 450
310 450
311 450
312 450
313 450
314 450
315 450
316 450
317 450
318 450
319 450
320 450
321 450
322 450
323 450
324 450
325 450
326 450
327 450
328 450
329 450
330 450
331 450
332 450
333 450
334 450
335 450
336 450
337 450
338 450
339 450
340 450
341 450
342 450
343 450
344 450
345 450
346 450
347 450
348 450
349 450
350 450
351 450
352 450
353 450
354 450
355 450
356 450
357 450
358 450
359 450
360 450
361 450
362 450
363 450
364 450
365 450
366 450
367 450
368 450
369 450
370 450
371 450
372 450
373 450
374 450
375 450
376 450
377 450
378 450
379 450
380 450
381 450
382 450
383 450
384 450
385 450
386 450
387 450
388 450
389 450
390 450
391 450
392 450
393 450
394 450
395 450
396 450
397 450
398 450
399 450
50 450
51 450
52 450
53 450
54 450
55 450
56 450
57 450
58 450
59 450
60 450
61 450
62 450
63 450
64 450
65 450
66 450
67 450
68 450
69 450
70 450
71 450
72 450
73 450
74 450
75 450
76 450
77 450
78 450
79 450
80 450
81 450
82 450
83 450
84 450
85 450
86 450
87 450
88 450
89 450
90 450
91 450
92 450
93 450
94 450
95 450
96 450
97 450
98 450
99 450
100 450
101 450
102 450
103 450
104 450
105 450
106 450
107 450
108 450
109 450
110 450
111 450
112 450
113 450
114 450
115 450
116 450
117 450
118 450
119 450
120 450
121 450
122 450
123 450
124 450
125 450
126 450
127 450
128 450
129 450
130 450
131 450
132 450
133 450
134 450
135 450
136 450
137 450
138 450
139 450
140 450
141 450
142 450
143 450
144 450
145 450
146 450
147 450
148 450
149 450
150 450
151 450
152 450
153 450
154 450
155 450
156 450
157 450
158 450
159 450
160 450
161 450
162 450
163 450
164 450
165 450
166 450
167 450
168 450
169 450
170 450
171 450
172 450
173 450
174 450
175 450
176 450
177 450
178 450
179 450
180 450
181 450
182 450
183 450
184 450
185 450
186 450
187 450
188 450
189 450
190 450
191 450
192 450
193 450
194 450
195 450
196 450
197 450
198 450
199 450
200 450
201 450
202 450
203 450
204 450
205 450
206 450
207 450
208 450
209 450
210 450
211 450
212 450
213 450
214 450
215 450
216 450
217 450
218 450
219 450
220 450
221 450
222 450
223 450
224 450
225 450
226 450
227 450
228 450
229 450
230 450
231 450
232 450
233 450
234 450
235 450
236 450
237 450
238 450
239 450
240 450
241 450
242 450
243 450
244 450
245 450
246 450
247 450
248 450
249 450
250 450
251 450
252 450
253 450
254 450
255 450
256 450
257 450
258 450
259 450
260 450
261 450
262 450
263 450
264 450
265 450
266 450
267 450
268 450
269 450
270 450
271 450
272 450
273 450
274 450
275 450
276 450
277 450
278 450
279 450
280 450
281 450
282 450
283 450
284 450
285 450
286 450
287 450
288 450
289 450
290 450
291 450
292 450
293 450
294 450
295 450
296 450
297 450
298 450
299 450
300 450
301 450
302 450
303 450
304 450
305 450
306 450
307 450
308 450
309 450
310 450
311 450
312 450
313 450
314 450
315 450
316 450
317 450
318 450
319 450
320 450
321 450
322 450
323 450
324 450
325 450
326 450
327 450
328 450
329 450
330 450
331 450
332 450
333 450
334 450
335 450
336 450
337 450
338 450
339 450
340 450
341 450
342 450
343 450
344 450
345 450
346 450
347 450
348 450
349 450
350 450
351 450
352 450
353 450
354 450
355 450
356 450
357 450
358 450
359 450
360 450
361 450
362 450
363 450
364 450
365 450
366 450
367 450
368 450
369 450
370 450
371 450
372 450
373 450
374 450
375 450
376 450
377 450
378 450
379 450
380 450
381 450
382 450
383 450
384 450
385 450
386 450
387 450
388 450
389 450
390 450
391 450
392 450
393 450
394 450
395 450
396 450
397 450
398 450
399 450
50 450
51 450
52 450
53 450
54 450
55 450
56 450
57 450
58 450
59 450
60 450
61 450
62 450
63 450
64 450
65 450
66 450
67 450
68 450
69 450
70 450
71 450
72 450
73 450
74 450
75 450
76 450
77 450
78 450
79 450
80 450
81 450
82 450
83 450
84 450
85 450
86 450
87 450
88 450
89 450
90 450
91 450
92 450
93 450
94 450
95 450
96 450
97 450
98 450
99 450
100 450
101 450
102 450
103 450
104 450
105 450
106 450
107 450
108 450
109 450
110 450
111 450
112 450
113 450
114 450
115 450
116 450
117 450
118 450
119 450
120 450
121 450
122 450
123 450
124 450
125 450
126 450
127 450
128 450
129 450
130 450
131 450
132 450
133 450
134 450
135 450
136 450
137 450
138 450
139 450
140 450
141 450
142 450
143 450
144 450
145 450
146 450
147 450
148 450
149 450
150 450
151 450
152 450
153 450
154 450
155 450
156 450
157 450
158 450
159 450
160 450
161 450
162 450
163 450
164 450
165 450
166 450
167 450
168 450
169 450
170 450
171 450
172 450
173 450
174 450
175 450
176 450
177 450
178 450
179 450
180 450
181 450
182 450
183 450
184 450
185 450
186 450
187 450
188 450
189 450
190 450
191 450
192 450
193 450
194 450
195 450
196 450
197 450
198 450
199 450
200 450
201 450
202 450
203 450
204 450
205 450
206 450
207 450
208 450
209 450
210 450
211 450
212 450
213 450
214 450
215 450
216 450
217 450
218 450
219 450
220 450
221 450
222 450
223 450
224 450
225 450
226 450
227 450
228 450
229 450
230 450
231 450
232 450
233 450
234 450
235 450
236 450
237 450
238 450
239 450
240 450
241 450
242 450
243 450
244 450
245 450
246 450
247 450
248 450
249 450
250 450
251 450
252 450
253 450
254 450
255 450
256 450
257 450
258 450
259 450
260 450
261 450
262 450
263 450
264 450
265 450
266 450
267 450
268 450
269 450
270 450
271 450
272 450
273 450
274 450
275 450
276 450
277 450
278 450
279 450
280 450
281 450
282 450
283 450
284 450
285 450
286 450
287 450
288 450
289 450
290 450
291 450
292 450
293 450
294 450
295 450
296 450
297 450
298 450
299 450
300 450
301 450
302 450
303 450
304 450
305 450
306 450
307 450
308 450
309 450
310 450
311 450
312 450
313 450
314 450
315 450
316 450
317 450
318 450
319 450
320 450
321 450
322 450
323 450
324 450
325 450
326 450
327 450
328 450
329 450
330 450
331 450
332 450
333 450
334 450
335 450
336 450
337 450
338 450
339 450
340 450
341 450
342 450
343 450
344 450
345 450
346 450
347 450
348 450
349 450
350 450
351 450
352 450
353 450
354 450
355 450
356 450
357 450
358 450
359 450
360 450
361 450
362 450
363 450
364 450
365 450
366 450
367 450
368 450
369 450
370 450
371 450
372 450
373 450
374 450
375 450
376 450
377 450
378 450
379 450
380 450
381 450
382 450
383 450
384 450
385 450
386 450
387 450
388 450
389 450
390 450
391 450
392 450
393 450
394 450
395 450
396 450
397 450
398 450
399 450
50 350
51 350
52 350
53 350
54 350
55 350
56 350
57 350
58 350
59 350
60 350
61 350
62 350
63 350
64 350
65 350
66 350
67 350
68 350
69 350
70 350
71 350
72 350
73 350
74 350
75 350
76 350
77 350
78 350
79 350
80 350
81 350
82 350
83 350
84 350
85 350
86 350
87 350
88 350
89 350
90 350
91 350
92 350
93 350
94 350
95 350
96 350
97 350
98 350
99 350
100 350
101 350
102 350
103 350
104 350
105 350
106 350
107 350
108 350
109 350
110 350
111 350
112 350
113 350
114 350
115 350
116 350
117 350
118 350
119 350
120 350
121 350
122 350
123 350
124 350
125 350
126 350
127 350
128 350
129 350
130 350
131 350
132 350
133 350
134 350
135 350
136 350
137 350
138 350
139 350
140 350
141 350
142 350
143 350
144 350
145 350
146 350
147 350
148 350
149 350
150 350
151 350
152 350
153 350
154 350
155 350
156 350
157 350
158 350
159 350
160 350
161 350
162 350
163 350
164 350
165 350
166 350
167 350
168 350
169 350
170 350
171 350
172 350
173 350
174 350
175 350
176 350
177 350
178 350
179 350
180 350
181 350
182 350
183 350
184 350
185 350
186 350
187 350
188 350
189 350
190 350
191 350
192 350
193 350
194 350
195 350
196 350
197 350
198 350
199 350
200 350
201 350
202 350
203 350
204 350
205 350
206 350
207 350
208 350
209 350
210 350
211 350
212 350
213 350
214 350
215 350
216 350
217 350
218 350
219 350
220 350
221 350
222 350
223 350
224 350
225 350
226 350
227 350
228 350
229 350
230 350
231 350
232 350
233 350
234 350
235 350
236 350
237 350
238 350
239 350
240 350
241 350
242 350
243 350
244 350
245 350
246 350
247 350
248 350
249 350
250 350
251 350
252 350
253 350
254 350
255 350
256 350
257 350
258 350
259 350
260 350
261 350
262 350
263 350
264 350
265 350
266 350
267 350
268 350
269 350
270 350
271 350
272 350
273 350
274 350
275 350
276 350
277 350
278 350
279 350
280 350
281 350
282 350
283 350
284 350
285 350
286 350
287 350
288 350
289 350
290 350
291 350
292 350
293 350
294 350
295 350
296 350
297 350
298 350
299 350
300 350
301 350
302 350
303 350
304 350
305 350
306 350
307 350
308 350
309 350
310 350
311 350
312 350
313 350
314 350
315 350
316 350
317 350
318 350
319 350
320 350
321 350
322 350
323 350
324 350
325 350
326 350
327 350
328 350
329 350
330 350
331 350
332 350
333 350
334 350
335 350
336 350
337 350
338 350
339 350
340 350
341 350
342 350
343 350
344 350
345 350
346 350
347 350
348 350
349 350
350 350
351 350
352 350
353 350
354 350
355 350
356 350
357 350
358 350
359 350
360 350
361 350
362 350
363 350
364 350
365 350
366 350
367 350
368 350
369 350
370 350
371 350
372 350
373 350
374 350
375 350
376 350
377 350
378 350
379 350
380 350
381 350
382 350
383 350
384 350
385 350
386 350
387 350
388 350
389 350
390 350
391 350
392 350
393 350
394 350
395 350
396 350
397 350
398 350
399 350
50 350
51 350
52 350
53 350
54 350
55 350
56 350
57 350
58 350
59 350
60 350
61 350
62 350
63 350
64 350
65 350
66 350
67 350
68 350
69 350
70 350
71 350
72 350
73 350
74 350
75 350
76 350
77 350
78 350
79 350
80 350
81 350
82 350
83 350
84 350
85 350
86 350
87 350
88 350
89 350
90 350
91 350
92 350
93 350
94 350
95 350
96 350
97 350
98 350
99 350
100 350
101 350
102 350
103 350
104 350
105 350
106 350
107 350
108 350
109 350
110 350
111 350
112 350
113 350
114 350
115 350
116 350
117 350
118 350
119 350
120 350
121 350
122 350
123 350
124 350
125 350
126 350
127 350
128 350
129 350
130 350
131 350
132 350
133 350
134 350
135 350
136 350
137 350
138 350
139 350
140 350
141 350
142 350
143 350
144 350
145 350
146 350
147 350
148 350
149 350
150 350
151 350
152 350
153 350
154 350
155 350
156 350
157 350
158 350
159 350
160 350
161 350
162 350
163 350
164 350
165 350
166 350
167 350
168 350
169 350
170 350
171 350
172 350
173 350
174 350
175 350
176 350
177 350
178 350
179 350
180 350
181 350
182 350
183 350
184 350
185 350
186 350
187 350
188 350
189 350
190 350
191 350
192 350
193 350
194 350
195 350
196 350
197 350
198 350
199 350
200 350
201 350
202 350
203 350
204 350
205 350
206 350
207 350
208 350
209 350
210 350
211 350
212 350
213 350
214 350
215 350
216 350
217 350
218 350
219 350
220 350
221 350
222 350
223 350
224 350
225 350
226 350
227 350
228 350
229 350
230 350
231 350
232 350
233 350
234 350
235 350
236 350
237 350
238 350
239 350
240 350
241 350
242 350
243 350
244 350
245 350
246 350
247 350
248 350
249 350
250 350
251 350
252 350
253 350
254 350
255 350
256 350
257 350
258 350
259 350
260 350
261 350
262 350
263 350
264 350
265 350
266 350
267 350
268 350
269 350
270 350
271 350
272 350
273 350
274 350
275 350
276 350
277 350
278 350
279 350
280 350
281 350
282 350
283 350
284 350
285 350
286 350
287 350
288 350
289 350
290 350
291 350
292 350
293 350
294 350
295 350
296 350
297 350
298 350
299 350
300 350
301 350
302 350
303 350
304 350
305 350
306 350
307 350
308 350
309 350
310 350
311 350
312 350
313 350
314 350
315 350
316 350
317 350
318 350
319 350
320 350
321 350
322 350
323 350
324 350
325 350
326 350
327 350
328 350
329 350
330 350
331 350
332 350
333 350
334 350
335 350
336 350
337 350
338 350
339 350
340 350
341 350
342 350
343 350
344 350
345 350
346 350
347 350
348 350
349 350
350 350
351 350
352 350
353 350
354 350
355 350
356 350
357 350
358 350
359 350
360 350
361 350
362 350
363 350
364 350
365 350
366 350
367 350
368 350
369 350
370 350
371 350
372 350
373 350
374 350
375 350
376 350
377 350
378 350
379 350
380 350
381 350
382 350
383 350
384 350
385 350
386 350
387 350
388 350
389 350
390 350
391 350
392 350
393 350
394 350
395 350
396 350
397 350
398 350
399 350
50 350
51 350
52 350
53 350
54 350
55 350
56 350
57 350
58 350
59 350
60 350
61 350
62 350
63 350
64 350
65 350
66 350
67 350
68 350
69 350
70 350
71 350
72 350
73 350
74 350
75 350
76 350
77 350
78 350
79 350
80 350
81 350
82 350
83 350
84 350
85 350
86 350
87 350
88 350
89 350
90 350
91 350
92 350
93 350
94 350
95 350
96 350
97 350
98 350
99 350
100 350
101 350
102 350
103 350
104 350
105 350
106 350
107 350
108 350
109 350
110 350
111 350
112 350
113 350
114 350
115 350
116 350
117 350
118 350
119 350
120 350
121 350
122 350
123 350
124 350
125 350
126 350
127 350
128 350
129 350
130 350
131 350
132 350
133 350
134 350
135 350
136 350
137 350
138 350
139 350
140 350
141 350
142 350
143 350
144 350
145 350
146 350
147 350
148 350
149 350
150 350
151 350
152 350
153 350
154 350
155 350
156 350
157 350
158 350
159 350
160 350
161 350
162 350
163 350
164 350
165 350
166 350
167 350
168 350
169 350
170 350
171 350
172 350
173 350
174 350
175 350
176 350
177 350
178 350
179 350
180 350
181 350
182 350
183 350
184 350
185 350
186 350
187 350
188 350
189 350
190 350
191 350
192 350
193 350
194 350
195 350
196 350
197 350
198 350
199 350
200 350
201 350
202 350
203 350
204 350
205 350
206 350
207 350
208 350
209 350
210 350
211 350
212 350
213 350
214 350
215 350
216 350
217 350
218 350
219 350
220 350
221 350
222 350
223 350
224 350
225 350
226 350
227 350
228 350
229 350
230 350
231 350
232 350
233 350
234 350
235 350
236 350
237 350
238 350
239 350
240 350
241 350
242 350
243 350
244 350
245 350
246 350
247 350
248 350
249 350
250 350
251 350
252 350
253 350
254 350
255 350
256 350
257 350
258 350
259 350
260 350
261 350
262 350
263 350
264 350
265 350
266 350
267 350
268 350
269 350
270 350
271 350
272 350
273 350
274 350
275 350
276 350
277 350
278 350
279 350
280 350
281 350
282 350
283 350
284 350
285 350
286 350
287 350
288 350
289 350
290 350
291 350
292 350
293 350
294 350
295 350
296 350
297 350
298 350
299 350
300 350
301 350
302 350
303 350
304 350
305 350
306 350
307 350
308 350
309 350
310 350
311 350
312 350
313 350
314 350
315 350
316 350
317 350
318 350
319 350
320 350
321 350
322 350
323 350
324 350
325 350
326 350
327 350
328 350
329 350
330 350
331 350
332 350
333 350
334 350
335 350
336 350
337 350
338 350
339 350
340 350
341 350
342 350
343 350
344 350
345 350
346 350
347 350
348 350
349 350
350 350
351 350
352 350
353 350
354 350
355 350
356 350
357 350
358 350
359 350
360 350
361 350
362 350
363 350
364 350
365 350
366 350
367 350
368 350
369 350
370 350
371 350
372 350
373 350
374 350
375 350
376 350
377 350
378 350
379 350
380 350
381 350
382 350
383 350
384 350
385 350
386 350
387 350
388 350
389 350
390 350
391 350
392 350
393 350
394 350
395 350
396 350
397 350
398 350
399 350
50 350
51 350
52 350
53 350
54 350
55 350
56 350
57 350
58 350
59 350
60 350
61 350
62 350
63 350
64 350
65 350
66 350
67 350
68 350
69 350
70 350
71 350
72 350
73 350
74 350
75 350
76 350
77 350
78 350
79 350
80 350
81 350
82 350
83 350
84 350
85 350
86 350
87 350
88 350
89 350
90 350
91 350
92 350
93 350
94 350
95 350
96 350
97 350
98 350
99 350
100 350
101 350
102 350
103 350
104 350
105 350
106 350
107 350
108 350
109 350
110 350
111 350
112 350
113 350
114 350
115 350
116 350
117 350
118 350
119 350
120 350
121 350
122 350
123 350
124 350
125 350
126 350
127 350
128 350
129 350
130 350
131 350
132 350
133 350
134 350
135 350
136 350
137 350
138 350
139 350
140 350
141 350
142 350
143 350
144 350
145 350
146 350
147 350
148 350
149 350
150 350
151 350
152 350
153 350
154 350
155 350
156 350
157 350
158 350
159 350
160 350
161 350
162 350
163 350
164 350
165 350
166 350
167 350
168 350
169 350
170 350
171 350
172 350
173 350
174 350
175 350
176 350
177 350
178 350
179 350
180 350
181 350
182 350
183 350
184 350
185 350
186 350
187 350
188 350
189 350
190 350
191 350
192 350
193 350
194 350
195 350
196 350
197 350
198 350
199 350
200 350
201 350
202 350
203 350
204 350
205 350
206 350
207 350
208 350
209 350
210 350
211 350
212 350
213 350
214 350
215 350
216 350
217 350
218 350
219 350
220 350
221 350
222 350
223 350
224 350
225 350
226 350
227 350
228 350
229 350
230 350
231 350
232 350
233 350
234 350
235 350
236 350
237 350
238 350
239 350
240 350
241 350
242 350
243 350
244 350
245 350
246 350
247 350
248 350
249 350
250 350
251 350
252 350
253 350
254 350
255 350
256 350
257 350
258 350
259 350
260 350
261 350
262 350
263 350
264 350
265 350
266 350
267 350
268 350
269 350
270 350
271 350
272 350
273 350
274 350
275 350
276 350
277 350
278 350
279 350
280 350
281 350
282 350
283 350
284 350
285 350
286 350
287 350
288 350
289 350
290 350
291 350
292 350
293 350
294 350
295 350
296 350
297 350
298 350
299 350
300 350
301 350
302 350
303 350
304 350
305 350
306 350
307 350
308 350
309 350
310 350
311 350
312 350
313 350
314 350
315 350
316 350
317 350
318 350
319 350
320 350
321 350
322 350
323 350
324 350
325 350
326 350
327 350
328 350
329 350
330 350
331 350
332 350
333 350
334 350
335 350
336 350
337 350
338 350
339 350
340 350
341 350
342 350
343 350
344 350
345 350
346 350
347 350
348 350
349 350
350 350
351 350
352 350
353 350
354 350
355 350
356 350
357 350
358 350
359 350
360 350
361 350
362 350
363 350
364 350
365 350
366 350
367 350
368 350
369 350
370 350
371 350
372 350
373 350
374 350
375 350
376 350
377 350
378 350
379 350
380 350
381 350
382 350
383 350
384 350
385 350
386 350
387 350
388 350
389 350
390 350
391 350
392 350
393 350
394 350
395 350
396 350
397 350
398 350
399 350
50 350
51 350
52 350
53 350
54 350
55 350
56 350
57 350
58 350
59 350
60 350
61 350
62 350
63 350
64 350
65 350
66 350
67 350
68 350
69 350
70 350
71 350
72 350
73 350
74 350
75 350
76 350
77 350
78 350
79 350
80 350
81 350
82 350
83 350
84 350
85 350
86 350
87 350
88 350
89 350
90 350
91 350
92 350
93 350
94 350
95 350
96 350
97 350
98 350
99 350
100 350
101 350
102 350
103 350
104 350
105 350
106 350
107 350
108 350
109 350
110 350
111 350
112 350
113 350
114 350
115 350
116 350
117 350
118 350
119 350
120 350
121 350
122 350
123 350
124 350
125 350
126 350
127 350
128 350
129 350
130 350
131 350
132 350
133 350
134 350
135 350
136 350
137 350
138 350
139 350
140 350
141 350
142 350
143 350
144 350
145 350
146 350
147 350
148 350
149 350
150 350
151 350
152 350
153 350
154 350
155 350
156 350
157 350
158 350
159 350
160 350
161 350
162 350
163 350
164 350
165 350
166 350
167 350
168 350
169 350
170 350
171 350
172 350
173 350
174 350
175 350
176 350
177 350
178 350
179 350
180 350
181 350
182 350
183 350
184 350
185 350
186 350
187 350
188 350
189 350
190 350
191 350
192 350
193 350
194 350
195 350
196 350
197 350
198 350
199 350
200 350
201 350
202 350
203 350
204 350
205 350
206 350
207 350
208 350
209 350
210 350
211 350
212 350
213 350
214 350
215 350
216 350
217 350
218 350
219 350
220 350
221 350
222 350
223 350
224 350
225 350
226 350
227 350
228 350
229 350
230 350
231 350
232 350
233 350
234 350
235 350
236 350
237 350
238 350
239 350
240 350
241 350
242 350
243 350
244 350
245 350
246 350
247 350
248 350
249 350
250 350
251 350
252 350
253 350
254 350
255 350
256 350
257 350
258 350
259 350
260 350
261 350
262 350
263 350
264 350
265 350
266 350
267 350
268 350
269 350
270 350
271 350
272 350
273 350
274 350
275 350
276 350
277 350
278 350
279 350
280 350
281 350
282 350
283 350
284 350
285 350
286 350
287 350
288 350
289 350
290 350
291 350
292 350
293 350
294 350
295 350
296 350
297 350
298 350
299 350
300 350
301 350
302 350
303 350
304 350
305 350
306 350
307 350
308 350
309 350
310 350
311 350
312 350
313 350
314 350
315 350
316 350
317 350
318 350
319 350
320 350
321 350
322 350
323 350
324 350
325 350
326 350
327 350
328 350
329 350
330 350
331 350
332 350
333 350
334 350
335 350
336 350
337 350
338 350
339 350
340 350
341 350
342 350
343 350
344 350
345 350
346 350
347 350
348 350
349 350
350 350
351 350
352 350
353 350
354 350
355 350
356 350
357 350
358 350
359 350
360 350
361 350
362 350
363 350
364 350
365 350
366 350
367 350
368 350
369 350
370 350
371 350
372 350
373 350
374 350
375 350
376 350
377 350
378 350
379 350
380 350
381 350
382 350
383 350
384 350
385 350
386 350
387 350
388 350
389 350
390 350
391 350
392 350
393 350
394 350
395 350
396 350
397 350
398 350
399 350
50 350
51 350
52 350
53 350
54 350
55 350
56 350
57 350
58 350
59 350
60 350
61 350
62 350
63 350
64 350
65 350
66 350
67 350
68 350
69 350
70 350
71 350
72 350
73 350
74 350
75 350
76 350
77 350
78 350
79 350
80 350
81 350
82 350
83 350
84 350
85 350
86 350
87 350
88 350
89 350
90 350
91 350
92 350
93 350
94 350
95 350
96 350
97 350
98 350
99 350
100 350
101 350
102 350
103 350
104 350
105 350
106 350
107 350
108 350
109 350
110 350
111 350
112 350
113 350
114 350
115 350
116 350
117 350
118 350
119 350
120 350
121 350
122 350
123 350
124 350
125 350
126 350
127 350
128 350
129 350
130 350
131 350
132 350
133 350
134 350
135 350
136 350
137 350
138 350
139 350
140 350
141 350
142 350
143 350
144 350
145 350
146 350
147 350
148 350
149 350
150 350
151 350
152 350
153 350
154 350
155 350
156 350
157 350
158 350
159 350
160 350
161 350
162 350
163 350
164 350
165 350
166 350
167 350
168 350
169 350
170 350
171 350
172 350
173 350
174 350
175 350
176 350
177 350
178 350
179 350
180 350
181 350
182 350
183 350
184 350
185 350
186 350
187 350
188 350
189 350
190 350
191 350
192 350
193 350
194 350
195 350
196 350
197 350
198 350
199 350
200 350
201 350
202 350
203 350
204 350
205 350
206 350
207 350
208 350
209 350
210 350
211 350
212 350
213 350
214 350
215 350
216 350
217 350
218 350
219 350
220 350
221 350
222 350
223 350
224 350
225 350
226 350
227 350
228 350
229 350
230 350
231 350
232 350
233 350
234 350
235 350
236 350
237 350
238 350
239 350
240 350
241 350
242 350
243 350
244 350
245 350
246 350
247 350
248 350
249 350
250 350
251 350
252 350
253 350
254 350
255 350
256 350
257 350
258 350
259 350
260 350
261 350
262 350
263 350
264 350
265 350
266 350
267 350
268 350
269 350
270 350
271 350
272 350
273 350
274 350
275 350
276 350
277 350
278 350
279 350
280 350
281 350
282 350
283 350
284 350
285 350
286 350
287 350
288 350
289 350
290 350
291 350
292 350
293 350
294 350
295 350
296 350
297 350
298 350
299 350
300 350
301 350
302 350
303 350
304 350
305 350
306 350
307 350
308 350
309 350
310 350
311 350
312 350
313 350
314 350
315 350
316 350
317 350
318 350
319 350
320 350
321 350
322 350
323 350
324 350
325 350
326 350
327 350
328 350
329 350
330 350
331 350
332 350
333 350
334 350
335 350
336 350
337 350
338 350
339 350
340 350
341 350
342 350
343 350
344 350
345 350
346 350
347 350
348 350
349 350
350 350
351 350
352 350
353 350
354 350
355 350
356 350
357 350
358 350
359 350
360 350
361 350
362 350
363 350
364 350
365 350
366 350
367 350
368 350
369 350
370 350
371 350
372 350
373 350
374 350
375 350
376 350
377 350
378 350
379 350
380 350
381 350
382 350
383 350
384 350
385 350
386 350
387 350
388 350
389 350
390 350
391 350
392 350
393 350
394 350
395 350
396 350
397 350
398 350
399 350
